13612701109
13712599591
13537163335
18024340288
13652636788
13825790230
13450648765
13809827205
18925789749
13662994278
13763168727
13922914176
13829268938
13713345985
15876487058
15920670011
18024670909
18081481526
13249947882
13922539398
13694921718
13326884728
13712456711
13538383088
15016915118
13717365788
15916700885
13923841456
13238350158
15622922789
18926862555
13712284489
13751270069
13559706612
18928282680
13922544011
13538358548
13728472842
13168455200
13922511371
13038882226
13510091559
13802382120
13798740198
13431119392
13377708638
13794961789
13925833156
13424811661
13829254548
13929165426
18998054765
13922989998
13556677803
18925836668
13431147339
18922993815
13922909952
13802398187
18929438991
13710121833
15382841066
15989627975
15899665373
15818313689
18925531008
13794992058
18926866106
15019999359
13790665588
15362687486
13802372667
15813834018
13790444498
18925717092
13712554852
13412768589
13713368282
18925826223
13802757799
13902294989
13925800243
13650220007
13712877802
18929461326
13416669630
15997062011
13905781954
13922318589
13926068598
13903033333
13546925507
13580917220
13502625678
13925710093
13602625668
13712336025
13652675288
13632501619
13652777288
13729980008
13809646450
13926807555
13652673888
13653677288
13532884545
18688814267
13822037088
13825706444
13580746171
13725757850
13713379733
13480055199
13650114534
13728311011
13480222921
18924351951
15017876116
13728140633
13553832600
13723562081
13580901675
13509234060
13922448299
18938181657
13649850628
18925807144
13929215253
18988701703
18929200146
13790310680
13501555220
13530900799
13826991801
13729914258
13711868558
18028202966
13713359885
13924351264
13424813995
13825267331
13923399919
13790694406
18929178171
13412875051
15384267449
13642966527
13537433993
15007675303
15817797775
15814844520
13652674578
13532366685
13922978637
13790506868
13537056519
13600256255
13717304894
13717370039
13527921199
15989905675
13825797661
13600295066
13509019257
13902694790
13809633667
13538599965
13711971241
13798923633
13412938684
13686621782
13544157495
13532358791
13240695073
18665126327
13310816031
15016933874
13528890762
13726479192
13620074685
13412526798
13549263628
18025198379
13790359997
13925530016
13763263196
13827234417
13711905947
13038806808
13412526798
13437645569
13925763961
13538662811
13480894732
15989672925
13532688839
13712400816
18664180020
18903034878
13417465293
13602399357
18938200561
13925809148
18002936265
13412721721
13669851119
13809267718
15362680861
18938662708
13925534836
15068688570
13662752283
13925853057
13416461099
15920114635
13332649510
13006803716
15899631435
13392328080
13925738381
13712482740
13790207945
13712115677
15999842978
13790586679
13650200865
18676996688
13642967898
13642982099
13412451945
13902928506
13922501159
13925802261
13712059909
13509233660
13428518280
13829956279
13556765127
18002888133
13826920537
13712156000
13925570291
13549227539
13922905497
13719020852
13580708801
18680654797
13809268681
13556655344
13177808782
13717396311
13717388350
13723597833
18028966103
13553888177
18681010006
18218564703
13713269182
15818397719
13712487499
13332650906
13556721778
13539187315
13922910063
13560874988
15967408936
13012851899
15362632030
13112655825
13827219168
13669821688
13714555264
13790356278
13989631082
13826978183
13509218255
13412068683
13509217585
13556758818
13694963367
15322928911
13556681620
18928215168
15989926644
13929465751
13802456288
13412713088
13729980741
13927254002
13418369908
18926886670
13798935335
13829179235
13598431354
13009827648
13790680691
13911233372
13450030839
13360680108
15920647500
18925862689
18025218376
13580961732
13922519836
13580830636
13827283058
15999741993
13423311155
13827253999
18938267891
18925751070
15920238415
13058588378
13829121131
13544618725
18925837535
13713121929
13902942479
13713089788
15818390123
15817535999
13537497998
13537148603
13726486735
18620110748
13712629272
13712216029
13580705884
13809267718
15989638009
18681127151
18929117288
13790159980
13360666166
13809270852
13412462383
13377699272
13827259966
13549233751
13332600972
18688663296
13532465099
18926853126
13412019111
13800138000
13392304732
13600279186
13711812629
13559712821
13925877753
13650048823
13929455527
13113167082
13652349021
15377783004
13751260490
13532906883
13922980626
13712123838
14715491171
13729928155
13929445022
13412655950
13902280138
13798888145
13712288938
13790148218
13711945622
13424823958
13424861000
13790431918
13694923871
13592782211
18219277189
15920017528
13416939928
15014810657
13018666883
13559774183
13763133633
13902615717
13929401433
13532507363
13723669175
13652206802
13712612099
13412033873
13650236170
13202692520
13528461029
13424799990
13532364369
18925538868
13662720553
13642887128
13431134038
13711987532
13713078486
15323534593
15362440212
18929110047
13006819151
18777486036
13268612683
13728288119
13751224335
13392309339
18944730065
13712468771
15322966753
13751491598
18025113629
13790221881
15916771609
13412279836
13922902634
13537331377
13602310136
15362036216
13549340068
13322930030
13500067591
13609695211
13928446246
13790506868
13560858182
18664391660
13215194333
13751355198
18025116801
13509830782
15814289235
13826906037
13537264928
13929403436
13688919708
15818252411
13922908867
13605781169
13827269869
15818390567
13539708999
13539001250
13728463674
18617227266
13431518761
13922902634
13552839121
18025197085
13686668199
18928295771
13046825718
13712926338
13026848888
18938165650
13416934824
18665173188
18688652857
13712977380
13751225283
13713330345
13602394922
13168410888
15918713341
13802234234
13823382289
13414314364
13802391307
13922978177
13392358161
13713139888
13602392380
13711966883
18924358888
13829115380
13712557333
13600274926
13925530016
13829220177
13113230360
18925404683
13537080998
13556765351
13427871955
13112854488
18938510677
13827241639
13794893209
13724523789
13612650968
13332666268
13530681855
13729966894
13712051216
15814225612
13620050866
15913785552
13925341987
13827252766
13631485639
13532398237
13790310680
15323511961
13822958575
13609680491
13553825325
13925569689
13018611198
18024452115
13592719681
13580863833
13925846325
13532506863
13925853057
13431373456
13538451666
13763100507
13712513013
13612794869
13790256056
13509001584
13066101021
13542720349
13829224812
15322989206
13609666001
15024109995
13480094999
18029137181
13669826328
13537436502
13725807308
13437433954
13392705718
13392336889
13602364128
13902250138
13926831310
18819118703
13713389367
13556661114
13418248818
13620066226
13509231376
15818423289
13412996000
13712737552
13922980196
13302277683
13412487189
13669886220
13622688593
18928231991
18038106003
18928207888
13713329879
13418312555
13377693412
13423442668
13798903982
13790284438
13528588048
13511897255
13412657226
13728323988
13809269822
18665173188
13652542874
13427846939
13929272588
13825704188
13556629076
15920244413
13538435565
13532733350
13556709866
13240695073
13546989119
13713216519
13717335048
13480059269
13952951378
18002710723
13415999996
13686144440
13728276601
13728395696
13926879525
18925858556
18665933529
13798727933
13802388059
13728421335
13556679432
13925821032
13809644333
13723597833
13688903612
13794997983
13926836115
13632105277
13652482898
18929160489
15118378356
13826955827
13823243888
13268542522
13423176860
13712796488
13360676218
13686618694
18688611149
18296799576
13450077288
18938216582
13712186635
15814235998
13600283308
13798885626
13923619810
13712988885
13662802805
13712782692
15916990600
18902601387
13005458797
13798840536
13005458797
13927079560
13609680491
15622509258
13602310991
13602383180
13602375032
13794801424
13686621782
13502849920
13902601231
13688911635
13416897792
15217236314
13713138138
15362632992
13916870458
18002761682
13728402272
13500091188
18025192708
18664140329
13238383189
13925822362
13800138000
13798722490
13556790022
13560878123
13538473888
13556537635
13794923333
15920614414
13631759381
13302606675
15818346369
18928279240
13559792299
13662958295
13412967113
13790596669
13713197016
13580815855
13925751570
18924351710
13829254568
13825701878
13926846087
13537242578
15916908806
13620142628
13712949288
15015291570
13600273991
13378619190
15012826667
13602387003
13129400608
13728332490
15362466186
13825225053
13751412997
13652529183
13266143148
13580950031
13686050628
13532931320
13238337300
13880567033
13694931793
13711817968
13712341162
13316616905
18122862390
18688662698
13825763879
13929261685
13925857851
13925803169
13649865268
13726249054
15017099255
15099752822
13822210349
13480485911
13798928829
13925233403
13712738178
13826911891
13790100353
13712133832
13751385998
13751385998
13712157008
13802388112
13549312932
13826958702
13544680502
18925570677
13829169876
13532666292
13975481000
13728425013
14714932648
18922907338
13602370957
13431452886
13728113986
13528638865
13729987325
18925837535
13433089866
15338042961
15817749423
13380172119
13790268022
13809885396
13825727733
15817458826
13326867126
13268804173
13790371968
13360679166
13316617046
13728288200
13412228046
13712411112
15602649179
15818200135
13827272727
13418207315
13725876128
15338028065
13926875806
13802451045
13712028916
13412291062
13538555973
15015385678
13537455570
13412306886
13602353218
15607699118
13825739808
13431394111
13713990828
18922894195
18002585960
13794456330
18929129417
13512739692
13711999167
13712130088
18819080232
13412131341
13928728483
13686030936
13724577323
15999747115
13543789559
18676976677
18922508365
13580991473
13723576896
13809829338
13829220768
13602362466
15999711123
13827227950
13763132295
13922971640
13702378006
13790536254
13717377725
13790536254
13712972888
13925501929
13631797287
15322806423
18002776224
13538608600
18929283828
18802616827
13143255285
18802616827
13922532446
13929258752
18024492755
13431538973
13434353456
13450666911
15014861566
13809637252
13802708516
15989619638
13712963671
13662999970
13428505766
13416660068
13425612788
18002986968
13528601217
13686608809
13790514188
13622626599
13602381969
13713185111
15917665006
13798818484
13790571714
18025110618
13546911865
13423802777
13649826026
13798906286
13925820296
13600281043
13712123678
13612721798
15099774876
13480051368
13922543716
13827252002
13427878330
13650129218
13332619622
18680419866
13423394226
13751205389
13712556689
15818751108
13729949393
13826906643
13556700574
13556700574
13580838808
13669848213
13602594186
15989577800
13712386568
13580903776
13412259105
18339676397
13712761428
18928228590
13546986011
18002896766
18926826293
15321241224
13713300158
13717342786
13424801494
18676973108
13622610118
13713339538
18938550102
13510251282
18929160489
13728421335
15016195254
13922518816
13549427665
18929174602
13602626799
13631719690
13760686605
13902643399
13713193538
13712908817
15118230955
13712967070
13728262598
13553816269
13600421455
13794971755
18998063885
15625852316
15362445002
13602331273
13751300193
18922913509
15913813905
13556671722
13926827237
13713355299
18028937058
13412360188
13922504100
13712205889
13929257783
13798788076
13631721338
18680405123
18676288179
13332685280
13392303282
13794962070
13046893669
15812896223
13620066030
13556703666
13763171304
18688655879
18926807669
13532323533
15118227659
18998089999
13428400137
18319062044
18823288937
13902985455
18665156016
13434011600
13713473480
13532558798
13316685509
13686601880
13549345820
18826828458
15818313907
13421917030
13798935335
13267270848
13416732335
13809829338
18688814289
13602322557
15876934764
15989671436
18029168888
15820881155
13829192178
13510077180
13537111354
13790192059
13826965537
13712241170
13925508215
18926417559
13342607617
13713155011
13790553885
13712007783
13427533932
13825775307
18926824918
18682079897
15362622653
13535555363
13532395966
13602301583
13713482222
13925552141
13147323751
13790100357
13649835089
13600232367
13602381969
15820423725
13712248298
13925705198
13798818861
13790624769
13332666386
13544680502
13332689114
13316636917
13580709778
13527915944
18602282778
15382841457
13826912116
13827225658
18002718422
13760364604
13751296608
13480077980
13268715438
15382842399
13826910851
13829126230
13712136009
13631748600
18922531918
13416881233
13552839121
13662861768
13829212176
13829253244
18998083702
15323507599
15546849737
13926896389
13246975454
18688812535
13421986882
13929229332
15817554433
13528557730
15989607809
13790321198
13717192839
13724422722
18664044456
15322999087
13509243842
13580786571
13129486688
13922921336
15989920852
13751456165
13669822789
13412029978
13662951658
13302608738
13691811977
13751349822
13802451045
13006842642
18682080977
18617287201
13926867503
13751219228
13711954975
15820852031
13509207364
13712961819
13903035399
13421970938
13524993058
13556750429
18819094538
18929106200
13798894233
13533377776
13809618612
13533377776
13425612788
13553859379
13712372925
13412516778
13113113333
18925496880
13713209035
13532520998
13712306161
13925962261
13602338626
15913181317
13556251928
13509018069
13922539866
13802222558
13377734832
13652544219
18922955758
18926826988
13642923089
13544776565
15818855966
13809273242
13580713339
13549440210
13539764470
13652469018
15992757813
13763137658
18025758999
13922989251
13922936540
15362898917
18929299939
13650266358
13427848243
13669888711
13712101566
13642379566
18025153075
13903033289
18929158621
18122810147
13332666386
18925802368
15989648888
15014778880
13794928206
18922946964
13600261060
15015363815
15812896223
13922989251
15322479156
15899890316
13922989251
13763185718
13652683819
18922539410
15750478740
13925517149
13712402080
18024333016
13609698498
13713473535
15999733633
13925521000
13527951051
13790114466
13580968863
13316665938
15015115320
13925550303
13433696213
13711200792
18688652533
13510329301
13600282878
15989690758
13728183642
15007675303
13377758357
13798842685
13642967799
13902694790
13104790918
13823568883
15118467422
13802566570
13729915688
13829218917
15899638316
15913779279
13712396093
13350372818
13829209681
18680085126
18926862136
13798731822
13923809560
13538311855
13539085418
18926890629
18688758113
18046935002
13427861004
13377793856
13302619667
13089803195
13649801992
13794883709
13763276384
13662825589
13725888768
13580825958
15814399297
13794830957
13712564436
13712660035
13798725928
13829220636
15015336123
13662584129
13712074737
13266229888
13316688733
18028285628
13620030321
18666418699
13790676067
13712785389
18024423675
13713078400
13538535556
13713429092
13802567090
13713343698
15916970790
13725752100
13650105295
13532919280
13802392798
13509000235
13662870665
13712832425
13554868406
13713330005
13902642668
13713086099
13712920752
13728871956
13925044888
15992930890
18028208893
13699807957
13527977237
13802392798
13723515553
13609673959
13794996868
13712568777
13902693367
13539060899
13728376949
18320054921
13902618259
13802454559
13794848955
18928279240
15017868626
15919860512
13790620328
13418326409
13649826026
13532695272
13712931412
18681102423
13532813689
13585899256
13416927831
13377731185
13527980889
18029190840
13929229329
13434588618
13424801679
13802451045
18820309856
18002845988
13825739516
13113050908
13825713548
18819118191
13712564436
13559794998
13620138378
13580883375
13827292229
13631762094
18925503008
13713400118
13829162873
13532458212
13590499638
13602306389
13392911933
13929274674
13713254451
13751344522
13592707426
14702120388
18676932390
15007697916
18002884045
18922505338
13924348280
15019132913
13692564571
13713178736
13902612309
13066132222
13650080321
13532388355
18925837535
13926826117
15816803363
18925579993
15917744520
13922989251
15999743517
13712599908
18052128052
13724504766
13688905490
13712688579
13559762728
13712956586
13602371731
18929148566
18922913167
13712023328
13434029640
13650380268
13713028162
15989923788
13500099600
13751488986
13612788058
15362449216
15817573501
13729976401
13902601287
13650383368
13549460411
13829955365
13712065111
13794820924
15918303000
13712201178
13604104584
13827227950
13802450985
13723568686
13751330787
13532300023
13580744608
13509212882
13751283971
13516677779
15920231666
15019126937
13509218928
13412729688
13332685221
13553866338
18802616827
13410011155
13925859869
18607698930
13711923988
13728313398
13798892369
18688659535
18664169188
13713055820
13686081688
13556622231
15814349233
13751434663
18929129319
13631708402
18926750383
13423439832
13763207283
13532981843
13908640848
13925850788
18928268156
13537392688
13712317263
13686295198
15989602853
13215359944
13602353075
13825773613
13712006713
13751286703
18925787949
13553804398
13826537124
18929415630
13713353000
13580855466
13326885233
13827281111
13809267718
13925832685
13713466464
18926892079
15016872452
13316681820
13790272881
18922548525
15814152728
13829150387
13790100353
13610218996
18925763698
13580835466
13537392693
13650209698
13694974289
18922914537
15818357333
13712932323
18664069719
13650021080
13723519307
18938885158
13377773608
18046901403
13712435258
13380100271
15999879969
13809622816
13926875806
18666857702
13318448946
13790233117
13713400999
13790500077
13560837444
13431531872
13712716513
13763277783
13316648866
15920633315
13416887597
13829160592
13266154983
13649886179
13717195778
13602338231
13922952892
13669892316
13431523999
13612675389
13712990665
13922514018
13713475988
13923703563
15377761391
13416680943
13620050026
18002773648
13600297296
15814132299
18666857702
15384234549
13302618581
13686099253
13922935576
13560818788
13532529088
15814388552
13712405067
13925719586
13713329663
18676949486
13649805966
13728147981
13728343158
13712888560
13929203315
13649888088
18982781721
18676047607
13326605128
13711990959
13480083185
15999621055
15899638316
13826912967
18780866699
13603065800
13532567299
13725827397
13926855775
18666857702
13728123773
13416897792
13922924570
13763120602
13302618581
15916788212
15916944157
15920247009
18926849951
13537144498
18028223190
13723588003
13038859898
13720953998
13509828729
15913779353
13537141591
13522304597
13660292953
13360482923
18200640349
13926808334
13602392325
13922925111
13825740988
13922599331
13450607258
13549355333
13423209543
15814391888
13903038297
13790533700
13580817055
15817573501
13556781815
13809623759
13537309383
13751275415
13602370698
13380185792
13929430993
13538563948
18666475195
13929272916
15024117670
18680053739
13903031622
13686233081
13712036466
13828735679
13712036466
13728140283
15999868658
13316618072
13642951691
13650035488
13926830708
15899916418
13713098189
18688408930
13549425288
13926832775
13711975428
13360662618
13712386892
15814107889
13377792561
13431549072
13360656638
13622614804
13826912116
13922880576
13712622157
13711828212
15989636171
13202705207
13600286382
13728154978
13431308779
18902612306
13423199088
13532519698
13509229182
13929212939
13712355168
13609696592
15014809819
13316673416
13712835969
13112854488
13929444445
13058551763
13612709650
13763135788
13686097122
13925515797
15814498015
18924338009
15918026888
13790433125
18002950999
18025119933
13423473532
18102946359
13925269727
13922578650
18688630688
13929465234
13527903488
13360472154
13380109105
18998089976
18976894327
13725555424
13543765580
13546925796
18925590922
15876984555
18688662898
15016788998
13728273946
18998063885
13809260721
13318448946
13318448946
13680834549
13609614509
13925552022
15362402594
13922906658
13800138000
18824351992
18926807669
15918347613
15999875822
13559794798
15862650768
13316650638
13925714399
13711807807
18938256939
13532515568
13537888942
13751331557
13418291319
13929238201
13929465234
13928869091
13790485508
13423215008
18602088588
13424801494
18962491980
13713001940
13726418422
13694953236
13713356962
13592705682
13790192059
13925859115
15016886898
13424800670
13717162979
13798846111
13713298066
18925837535
13412770198
13431182713
13712757568
18925789150
13415859694
18122924260
13215382918
13489067223
13600270337
13925526666
13431255135
13712514256
13712988815
13532966193
13824505372
13922538513
13711802305
15362039855
13510033665
18922954262
13924361068
13929492965
13712820018
13728165609
13549278338
13712909113
13544870113
13632704499
13058527172
13377703166
13926804381
15999747115
18925837535
13728406168
15920654110
15626880118
13724546563
13066109789
18925837535
13038812246
13642993189
18029170038
13928465677
13643695684
13605239685
13713403816
13631777745
15017859804
13694989496
13537210958
13790503358
15220323402
13543793366
18925814547
18665179682
13925509226
15820892899
13543793366
13712888930
13416780576
13071333650
13428489085
13423229713
13662905000
13724501123
15917670276
18820718481
13729995046
18122876238
13798839676
13712516793
13798797768
15007691411
13728182089
18024308242
13717190746
13632335926
13652656183
13423002028
15989684333
13829121570
13318469986
18926825997
13360639488
15019000488
13715174620
13714151808
13728434976
13712580518
15014838999
18029050576
13392307048
13553864368
13642380363
13433629848
13530779695
18928269558
13509236976
13712848929
13556637938
13527946660
13326867053
13316611241
15817799502
13826966601
13724525688
13827255078
13509006849
18819086090
18929254761
18925432673
13802373601
13434036553
18665131960
13412246480
13480042894
18681002233
13925596226
18602097869
13378603448
13662791585
13649840247
13829177369
13537376678
18666487911
13318513990
13712606858
18028281307
13929228603
13423299298
13356472828
15916836541
13600060444
13660798141
18688815269
13147301956
13434046683
13612663260
15362655275
13925737182
13711818220
13790213911
13431196088
13316627006
13809646293
13582963302
13532465099
15024117318
13543779836
13415933626
13790520638
13580856079
18824333412
13544861050
13418261494
13829269978
13392309339
13415924239
13763157158
15014893781
13620010383
13537024269
13437387153
15820809868
13712361889
13926890883
13580877555
13266050525
18925812499
13215194333
13602324063
13612722833
13763280331
13809820392
13553871481
18028910588
15218295417
13662719378
18318052808
18024702425
13686269588
13809260778
13104755099
13412318887
13527920289
13546932968
13763160240
13509647298
13929411637
18928291733
13556686151
13725780333
13956512316
15999797342
13004626491
15916777899
13712236169
13925837046
13902649898
18675158788
13026833238
13922892676
13433013648
13928465148
13829328584
13790506868
13790506868
13580790463
13650321792
13316839398
15817775559
18617208229
13826975203
13986267083
13790170063
13922912198
13929497935
13712510531
13712117785
15913160315
13423288933
18925273238
13553868787
18002671408
13501566233
13929217132
15815506546
13650222571
13712605828
15989650675
13922528160
13925815915
13826932439
13412588808
15814324256
15812853733
15820898233
13829193911
13613022766
13825279039
13925595108
13332603225
13127128628
18664075565
13402394008
13925800789
18925793333
18028212146
13580786556
13538510125
13612678495
13669814548
18925787945
18024425815
15017016254
13650092270
13711935979
15384234549
18938550108
13922528956
13798715668
13600253209
15807699425
13927297800
13902616141
13802555838
13713293900
13652691716
15015109682
15899652957
13827250118
13829258689
18028215905
13829234509
13922506810
13688905216
13268771688
13829245222
13686614719
13544889579
13728325328
13412682179
13712884808
13326885233
13380154261
13600276086
13480035217
15992827678
13416684715
13326885233
13500092430
13790620938
13822501991
18907470641
18617287613
13412080904
13549238405
13790408102
15217376064
15602649179
18664595496
13580913465
13556668040
13622692055
13392716718
15989647813
15625806548
13652665168
13580822288
13642928432
13686299994
13925596230
13798899682
15019181165
15820898848
13726426207
13925835521
13580722213
13537328006
13532589919
13694959522
13479540096
13580802673
15920606238
13827287738
13925815317
13925815317
13925815317
18681198016
18926802938
13825777613
13556761128
13602377902
13602355601
13326885233
13712900783
13925828660
13509636861
13559717998
13686659229
13925710799
18926807669
13556606999
13798757298
13538670813
13922905156
13537272266
15017017049
13544708980
13928335835
13763139705
13712681817
13500061613
13544665452
13414252337
13798549502
18928208095
13790659738
15219881188
13650095311
13925705082
13827208513
15019196395
18925803768
15989653721
13686126580
13537193515
13826948137
13712919690
15024155855
13726435398
13556708808
13928632908
18926843396
13790662851
13553873763
13360636268
13649863548
13712555797
18680636462
13642921001
18926862017
13360475510
13802373853
13826934501
18664055298
15814293868
13650296918
13925796822
13549282628
13812322108
13602386101
15992906716
15876477177
13509810563
13538434418
13553824080
15362060297
18688698863
15916939378
13246971488
13717166838
18029191587
15818486156
13532842577
13926879308
13556601760
13425191559
13416707986
13414412188
13622651273
18681015503
18902649585
13412578881
13152475822
13712179448
18760103387
18675388664
13543752409
13829102723
13602324567
13699672319
15626803333
13794820184
18929212935
13266116622
15024148283
13415965377
13602391518
13316670583
13712184636
15362895257
13412144385
13762318911
13926875806
18664012251
15816818928
13829211101
15384268860
13712795881
13712293128
13694959160
13412033273
13267506003
13729941063
13500224618
18925837535
13612776072
13929195053
13602399886
15322914832
13622633991
13712777100
13650138017
15992845774
13713398050
15034429893
18002888988
13560856288
13763123362
13809862910
13827268302
13602336546
15899670816
18925853383
13450058575
13553855603
13686631152
13129486688
13827282528
15814162922
13927763395
18922548125
13423255129
13686663333
13903025929
15118320957
13423050889
13650496048
15015124584
13712689015
13544889579
13416732335
13631775050
13826939650
15817768946
13560833662
13421421088
13537001656
13549399588
13798893733
13431248050
13925835665
13612752088
15913771640
13713149793
13790125067
15377778178
15827282573
13414286999
13829239809
13809272793
15015464804
13423060578
15920287810
15207696803
18925812499
13556666850
13544602205
13729999361
13416921988
13691659219
13662897944
13433050714
18664188135
13798920558
18002738939
13925512623
18046939082
15016990799
13728363091
13113119952
13798860602
13169538528
18024476000
13266215685
13421915757
18666893266
13751443456
13556787133
13544696230
13751478081
13826939536
13723502052
15899823018
15899675721
15361889094
13556646113
13549238331
18688680823
15218753464
15817760558
13925780512
15014836088
13712715778
18681148232
13682436009
13316618072
18002814536
18929292236
13412344482
13829200889
18903031069
15017019028
13694988995
13431531872
13412932572
13602378808
13925815317
18929290308
13794458221
13650309982
13642928689
13922961968
15016933487
13532966104
15112773461
13809262972
13580968936
13509812658
13662989301
13728415011
13751212881
13480057992
13602625778
13728335898
18903031069
15362689263
13809266768
13829234571
15999741810
13046868648
13592786890
13602389666
13798783758
13556696338
13392320938
13798904762
13500227959
13728258265
13532395752
13538435565
15017018389
13929221957
15016824532
13427809922
13925894160
15112879888
13532799815
18676619188
18680079583
15916757073
18676619188
13622678598
13903035358
13510365560
13712838211
13798935335
13509835707
13798935335
13433051086
13751436861
13926866339
13215367115
13316649068
13424325462
13600278926
13560872411
18688634005
13538373088
13713156853
13342632065
18938277215
13559784833
18929164952
13537335023
13549492795
13609688169
13789924458
13437418025
15992899605
18676610857
13790362323
13543779555
13692551621
13929401949
15876421315
13902647770
18681051138
13587125641
18929286446
13719013778
13798818618
13392311911
18675153497
18002756288
13712813030
13829277445
13433063343
13662720878
13412203088
13622682837
13662799236
13712947609
13532953818
13556736669
13532739816
13580751398
13902692295
15015343161
18676764579
13713172606
13829291919
18028217968
15999788803
13412178860
13809637777
13532580845
13809637777
18079501837
13560898810
15362639687
13829671880
15016884877
13802570179
13602388512
13922705678
13669861308
13310821258
18676288860
13713293900
13929239606
18926829667
13809614877
18029160505
13600258026
18028228425
13826963611
15019055558
13717188195
13302698108
13712728887
13713381611
13532511499
13532819508
18038096528
13826901854
13829150808
13902695869
13790599888
13686618096
13434577921
13922918723
13556677648
13712563236
13650027336
13829137870
13827277095
13902644295
13794850479
13725825228
13925829579
18925566470
18666492829
13532662779
18666524388
13662939995
15917610100
13712367237
18924367637
18929126356
13712957109
13602502606
18002723334
13902611533
13423456383
13266808868
13528588291
13143234713
13790479195
13537353231
13829192007
13560888711
13712220798
13662998583
18046907888
15899674177
13790678628
18772664130
18024381241
13537141218
13202721922
18902609993
13790183717
13427870881
13538448908
15916970790
15384261233
13712904712
13712484685
13825742768
13712687578
13620214515
13322612982
13538469531
13686299009
13711948062
13794878829
13712797858
13642979320
13682183316
13602357828
15017031315
13113178569
13726411559
18024626999
13822552181
13642852679
13712350129
13424445690
18922548128
18681154875
13790379711
13929220080
15817552283
15622541202
13580855788
13542080824
13717336883
13326891233
13952242300
13544700082
13790211237
15019820022
13928335835
13829252755
13316617716
15916875088
13712919690
18025239998
15603038981
13580926936
13542252525
13418853262
13662882258
13428476268
13712029811
18688681002
13929929179
18938225331
13622688027
13686658068
13809668599
18637213726
13794921140
13532449671
13688989807
13809637777
15820408400
13434569268
13480464827
13480032147
13412802551
15913827862
13412355333
13925510023
13688988580
15017131996
13728157966
13600288671
13532769999
13798757298
18688689685
13794819487
18688613221
13346697986
13728366794
13650149577
13669890380
18024340899
15875157723
13342658333
13316612886
13266242126
15816426782
13528505688
18676619188
13437398360
13538508755
13790169083
13751306818
13580857662
13817566229
13621414001
13712933403
13429171698
13669862961
13602364999
18122803777
13686658068
18929265989
13751313345
13790412201
15817633128
13560885659
13560812699
15338013832
13266269788
13922511061
13712723399
13829223835
13532653358
18038478090
13751068906
13316638730
15017148997
13717164980
13712521517
13215194333
18922921855
13480042033
18938550102
15916933730
13712121892
13802399346
13822902016
13699807957
15814087090
13538633632
13829289886
13549304221
18676903856
13650270001
13798580959
13437491183
13652544936
13662899388
13724511982
13712169619
13342862734
13712617419
13412327888
13537042570
13712593158
13412200048
13926831205
13538639143
13380164118
13549365325
18028299794
15112864812
13580821838
13433605686
13751491381
13763288327
13538560111
13922928967
13728287858
15146375164
13902642596
15814055122
13580899501
13543752409
13543797343
13712861970
15917744022
13600288138
13450072226
13802398482
13310829188
13924334652
13712275343
13798708632
15814198837
13902441840
13809625829
15999757977
15999720555
13712328588
13428611357
13556655137
13725835482
13790101156
13480042626
18028227157
13556655137
13562440212
13580826686
13058583569
15015177773
13423322286
15019980092
13713185111
18688638253
13528509865
18025259513
13711885919
13532767873
15118273583
13322604516
15338034620
13922957686
13642974060
15019067466
13544777287
13310810307
13538331958
13332692429
13415854426
13662869278
13922513969
13360680332
13925680085
15059014510
13922955252
13412812363
13751238564
18925586411
15976104402
18688627288
13600258212
13728300366
13421836186
13215138097
13922902205
13729986850
18819108481
13431441876
13825755898
13925570659
13802393259
13711975272
13763150012
13713031833
13580983108
13356467783
13711986217
13580727248
13712980356
13580812421
13412080904
18929424321
13612683883
13823231306
13316655449
13537446186
18926831458
13412999854
15019089100
13642858678
15322493842
18676957626
13686684597
13014083391
13424804848
15099772262
13809637286
13652513404
13827201596
13829139546
18665149288
13724231042
18938550108
13809637777
13560817355
13612726210
13823276876
13431166665
13360378821
15817530798
13600270876
13713237826
13662973244
13652675283
13650159393
18926869349
13790216476
15817598765
13925803136
13416828228
13728242558
18688998542
18718130555
18002919058
13829222659
13922915279
18680081166
15899613488
15999812089
13416868082
13713069077
13809620254
15118248842
13798830095
13342682777
15377703869
13790624445
15362672056
13929436470
13544765265
15813050520
18902646188
13686266610
15016793473
13902904293
13537489773
15989267326
13342676230
13798822258
13827291131
13318448946
13360485983
13556669947
15989509193
15899943061
13421926271
13713090015
15989099527
13549239061
13790606899
18002639522
15899658818
13827250753
13544781823
18607691998
13543779941
13711321691
13559754857
13712611469
13509025930
13712505678
13798892369
13527912077
13826953810
15338033667
13138824811
13723501612
13652582825
13922902366
18684706510
13712936555
13723440835
13713051314
18620042550
18925731575
13580939147
15377703869
13537212183
13302618581
13543777779
13528581888
13412451945
13412112556
13622691440
13929276526
13590294400
13532465099
13602313005
13825039888
13580857113
13712877377
13724451865
13688945248
13592720890
13790345516
13794946537
13652639522
18929211584
13532465099
13826998308
13712331166
13926895211
13537114372
13412810047
18681091855
13602367479
18938550102
13829996769
13423176860
15220355091
13316688566
13825534506
18922909505
13802455931
15916918518
13729941063
13500095799
18676975569
13712944633
13652488234
13823126585
13829205966
13713828000
15918347088
15899671889
13549314611
13712333627
18688648008
13799790963
13560831318
13925525225
13926803244
13790225085
13602337849
13926817341
13532465099
13713153472
18926437879
13825781783
13316626599
13724552380
13266175871
15220362188
13728282867
13825714363
13527986394
13712783123
15118484488
13712411186
13712926338
13427881054
13790512524
13712593843
13532504988
13712444804
13549938991
13652480147
13360378821
15899912371
13609687350
13712916718
13609663137
13713354086
13650371868
13509828665
13929483532
13480042626
13580770731
13825753887
13712069368
13729918388
15017164333
13925736752
18938237823
13798338011
13650482980
13326882108
13622625803
18122814573
13538352443
13416754723
13332652672
13712208993
13622603311
13544662078
13724447323
13326899002
13423221118
15817761626
13532616560
13532610578
13532788808
13926834643
13617756528
15362440212
18028283673
13629328296
13113177888
18925797097
13412465812
15019083588
15099772262
13168496545
18602047767
18038471989
13925832503
13532902551
13560838999
18665135533
13925097711
13532356399
13711951579
13431531872
13450063308
13612731995
15899930130
15920639880
13631725443
13809826381
13902614223
13556655137
13527969378
13380188535
13713470066
13726817091
13415877655
15625884043
18922965281
13809616282
13829100911
13929207536
18602087226
13763227985
13926842668
18922536510
13809261443
13544738740
13316636538
19298379208
15014813214
13414313968
15603038981
13802383198
13433660707
13826926182
13538435565
13922957441
13480085254
13724452983
15362440212
13268529898
13712749992
15019093959
13532570501
18924335842
13650222571
18602085677
13926808610
15014825513
13922967226
18681091855
15999823821
18925522716
13392333461
13602303182
13326883048
13712523014
13128020309
13826924581
13412827728
13712491634
18925483595
13902602111
13759748222
13922994335
13543786211
13925756109
15322911855
13537116296
13688960896
15999777308
13537111573
18926831458
13712591560
13414374449
13416771808
18681124848